name: botenv
channels:
  - conda-forge
  - defaults
dependencies:
  - aiohttp=3.9.1=py312he70551f_0
  - aiosignal=1.3.1=pyhd8ed1ab_0
  - attrs=23.1.0=pyh71513ae_1
  - blas=1.0=mkl
  - bottleneck=1.3.5=py312he558020_0
  - brotli-python=1.0.9=py312hd77b12b_7
  - bzip2=1.0.8=hcfcfb64_5
  - ca-certificates=2023.12.12=haa95532_0
  - certifi=2023.11.17=py312haa95532_0
  - cffi=1.16.0=py312h2bbff1b_0
  - charset-normalizer=2.0.4=pyhd3eb1b0_0
  - click=8.1.7=py312haa95532_0
  - colorama=0.4.6=py312haa95532_0
  - cryptography=41.0.7=py312h89fc84f_0
  - discord.py=2.3.2=pyhd8ed1ab_0
  - frozenlist=1.4.1=py312he70551f_0
  - idna=3.6=pyhd8ed1ab_0
  - intel-openmp=2023.1.0=h59b6b97_46320
  - libexpat=2.5.0=h63175ca_1
  - libffi=3.4.2=h8ffe710_5
  - libsqlite=3.44.2=hcfcfb64_0
  - libzlib=1.2.13=hcfcfb64_5
  - mkl=2023.1.0=h6b88ed4_46358
  - mkl-service=2.4.0=py312h2bbff1b_1
  - mkl_fft=1.3.8=py312h2bbff1b_0
  - mkl_random=1.2.4=py312h59b6b97_0
  - multidict=6.0.4=py312he70551f_1
  - numexpr=2.8.7=py312h96b7d27_0
  - numpy=1.26.2=py312hfd52020_0
  - numpy-base=1.26.2=py312h4dde369_0
  - openssl=3.2.0=hcfcfb64_1
  - pandas=2.1.4=py312hc7c4135_0
  - pip=23.3.2=pyhd8ed1ab_0
  - pycparser=2.21=pyhd3eb1b0_0
  - pyopenssl=23.2.0=py312haa95532_0
  - pysocks=1.7.1=py312haa95532_0
  - python=3.12.1=h2628c8c_1_cpython
  - python-dateutil=2.8.2=pyhd3eb1b0_0
  - python-dotenv=0.21.0=py312haa95532_0
  - python-tzdata=2023.3=pyhd3eb1b0_0
  - python_abi=3.12=4_cp312
  - pytz=2023.3.post1=py312haa95532_0
  - requests=2.31.0=py312haa95532_0
  - setuptools=68.2.2=pyhd8ed1ab_0
  - six=1.16.0=pyhd3eb1b0_1
  - tbb=2021.8.0=h59b6b97_0
  - tk=8.6.13=h5226925_1
  - tzdata=2023d=h0c530f3_0
  - ucrt=10.0.22621.0=h57928b3_0
  - urllib3=1.26.18=py312haa95532_0
  - vc=14.3=hcf57466_18
  - vc14_runtime=14.38.33130=h82b7239_18
  - vs2015_runtime=14.38.33130=hcb4865c_18
  - wheel=0.42.0=pyhd8ed1ab_0
  - win_inet_pton=1.1.0=py312haa95532_0
  - xz=5.2.6=h8d14728_0
  - yarl=1.9.3=py312he70551f_0
prefix: C:\Users\mitei\anaconda3\envs\botenv
